1000
997019
499278
565994
965252
138746
673753
949040
192274
923296
288711
707759
861787
289202
505600
366534
268850
138079
511069
57311
40886
811645
244665
651950
327233
236229
174819
905880
202170
597520
840813
775073
594538
340090
341067
78289
997336
533319
27328
189609
975114
834539
415867
355399
642241
921468
721934
911091
578046
233002
486902
137431
563146
250066
789381
408878
486296
482700
833258
206965
80219
674070
982039
193256
14160
323105
790045
11495
374923
335872
719605
350037
170411
135471
705436
812652
575438
945869
242241
153483
178870
729143
290915
260516
979210
80295
187893
984005
81494
21150
190969
680213
213720
173007
873470
746380
14611
182013
757875
908035
517886
995979
258071
206796
649950
482006
537947
225387
427875
780188
378871
125244
27830
669786
904260
7039
268580
92153
509543
350075
631803
219011
548787
845523
910519
940756
591902
925130
122769
868277
351663
640655
864255
128233
365950
32703
128739
903897
258091
556614
202583
155461
200357
230413
343746
623117
755952
612326
233769
265494
480900
865572
484506
548187
229594
395024
488942
821496
838653
611711
689772
708816
770865
72526
837049
136814
623729
965788
559210
881820
40900
761794
37280
759758
992207
381026
382874
748159
511852
616643
532152
511251
713
16657
59437
230307
930181
548380
51803
287333
678590
260074
996149
449455
851100
833197
104768
474829
317484
663979
875148
358384
425772
430928
636641
417978
330453
19514
684636
360804
154656
216788
872056
155370
751945
449992
904177
682126
516871
955980
969459
195461
734554
484106
163415
104152
835802
268183
97480
153285
932162
972629
30169
357933
922056
666810
294411
252508
204824
979047
613313
877980
195834
3867
33349
947780
453859
456026
148404
489230
930505
636362
684691
665058
120467
848106
287710
474768
116288
385190
628054
566950
876318
176722
443382
798373
362031
737793
569381
85354
235339
182693
963335
949673
705060
515183
897452
677418
971209
564355
166647
901714
200716
851338
85270
839683
217942
372980
314451
852731
276670
461004
938180
152987
156225
381561
469860
518256
637854
39240
122110
873193
740433
85444
822865
445492
119126
238816
641409
90335
321670
808057
510548
40886
177893
595818
399068
914336
487298
713519
767066
763968
693022
705245
916955
849247
605305
905314
886003
243158
944554
8112
634850
203485
612056
976215
167476
731182
733530
808886
821517
55199
135441
850564
96085
313334
446382
495154
227669
933680
727172
513234
697647
938694
736978
133100
306439
342283
38414
192441
103940
501467
719053
738791
704953
331108
233504
390928
580790
967034
199813
920806
540732
335254
771370
155317
167088
217751
168970
913257
669930
896142
944991
886076
353334
681968
19175
659774
542750
576089
852215
165190
77556
89767
422480
301008
939375
655984
691936
520164
623017
410249
440970
682248
264002
212339
837565
431090
948590
6534
862847
618519
421176
807837
504594
774510
8303
42268
434283
551054
618358
804998
716244
214413
894765
138723
515421
834139
313206
725856
872803
454722
654604
313772
136969
918607
44610
974535
868196
993200
981069
731042
130217
402244
538878
153310
695254
547182
195578
129536
616735
332435
934534
851478
546848
347797
508700
580768
700436
821906
306624
573238
795127
479727
405509
932096
398333
450119
425129
266529
961818
406198
516070
92034
326941
573448
763844
22194
639129
959422
670231
255863
291857
123263
625840
357204
471061
134539
937973
171496
474944
763096
263233
270070
242822
668742
202165
641156
118860
627295
426184
80677
551992
942254
691211
397432
34200
455054
938127
673329
932975
608357
929192
743331
731620
555031
100535
721180
208069
38507
892676
683013
801603
674408
953083
44424
343149
155248
204079
980509
301042
148762
579685
371533
609516
270895
768965
643716
244448
225590
317045
695923
833947
764736
439253
84066
838267
539788
323745
46335
96794
734921
729349
416896
409328
682431
979821
752478
356178
183899
732986
175719
851162
312671
547252
460677
102065
834717
622892
865014
60306
939937
560936
412753
223172
518688
15318
61438
576976
339063
107773
673770
73983
355621
90666
483312
556552
70486
754289
431229
772885
5773
606949
142545
836944
672700
603222
457509
507416
226114
322522
567723
684550
401957
498975
907722
920645
514293
487659
16119
371855
113932
689890
445839
469553
299055
447650
544604
888041
720438
975834
179424
726211
582782
321970
563155
255481
443691
20663
281397
669805
861685
367619
872855
263641
866594
299075
702785
899386
786735
718905
271240
900667
927294
235578
888719
744848
201727
433323
151387
922165
409156
849311
648376
510437
171280
730030
284417
133471
750693
565814
321775
612377
933433
194629
394517
318525
493705
615801
217910
280439
853205
7650
699605
780498
761728
588323
43844
963456
21645
713731
885620
949301
563042
52494
459737
252821
782524
744155
386292
51715
828468
708068
182591
761901
902697
577108
598925
914901
192909
335335
713839
46113
342985
413443
345111
623212
1766
907455
586667
541911
621186
990787
491212
184227
43280
469448
437048
344304
213602
341840
396019
42070
49907
578611
322470
471103
674218
921395
386004
385626
256729
99842
950240
118213
31785
813850
741426
33551
721304
846592
93961
342489
837378
103672
45215
399158
573121
763
743462
786723
342603
657980
347292
911010
755090
669762
382112
429308
109656
768116
333433
366385
386458
283672
3098
418243
97521
263023
970294
337325
109614
64254
198313
465492
167927
762029
383149
259547
762792
645110
46269
623894
303089
912062
534903
576679
100322
917015
5986
209978
203630
857919
94863
590088
141591
97961
8330
757612
879484
497123
613436
989098
79876
811750
973089
766303
573778
356237
25849
855069
1346
590619
478962
822936
502680
13864
399614
603002
449378
924100
812981
171507
782018
426343
761595
442108
524304
288424
718220
403787
785547
331655
911384
865424
143404
884473
631726
717182
759209
176075
572250
760556
766694
569711
101990
269373
102074
501604
390874
551453
944203
203854
722960
726220
630197
3054
168328
673000
809978
886548
595286
114024
218202
25169
497947
880107
428141
648172
115787
187349
824247
688038
466404
590940
776248
568394
378812
878323
588497
769687
948275
532699
973541
189733
777419
122237
711287
945747
313736
521265
350793
427522
635289
87494
452691
651735
486100
880832
299906
601888
586680
124153
808425
53084
233592
584672
139977
612405
462994
728475
382091
929768
779673
874131
119501
557091
996368
830788
21336
828604
870552
890629
256125
505840
978124
708816
157574
982723
108146
975981
584610
694826
100133
393034
266409
333725
977707
406387
464629
959200
653361
846720
888968
433033
720851
8468
508624
235717
357755
529960
64320
228307
420589
838945
252646
917212
66259
928721
899934
174405
904701
484544
387731
523333
396077
654140
375557
373783
579026
840187
851483
232386
686906
740450
183919
926256
267417
211042
161973
625172
741002
744793
371978
680090
583738
624625
115800
168496
71844
534234
342902
976545
537277
249132
499877
933354
903272
393933
825637
797
