1000
294293
606731
814237
40697
663961
496051
389579
856469
250813
829273
660347
521581
334177
407023
908711
3299
396119
246119
636719
966661
600973
347849
402359
783829
743881
865637
21557
368327
52711
889237
659251
844153
159119
530447
552731
75989
964153
346501
737293
28579
945209
219371
579673
201757
952057
178877
116953
367739
598541
26053
978347
354971
327619
931729
904601
424001
4243
34543
257407
362147
617983
35129
599983
967363
479797
557759
353629
725891
70489
823457
76991
148817
483347
70181
432569
898543
105449
667427
10831
271517
413923
816091
2099
610879
346417
166099
394157
336587
874009
760147
985433
838043
804943
550757
764629
870691
343661
756373
293357
822139
960667
813367
165379
762371
477341
21767
143779
975899
946397
802019
903803
826799
276043
957701
126641
411031
161569
752033
499039
973801
50333
904489
988231
370873
1663
906329
225767
778223
336997
5501
60337
820733
495071
163543
318863
495757
329657
104281
346933
744409
376807
183289
807383
623303
140197
890377
22637
705269
796553
257611
67493
139891
486781
664403
867263
798599
245587
73751
638327
45827
634313
713243
241537
351179
395287
137363
50231
419599
960137
497741
266711
7193
425861
84127
620777
557863
70537
759673
612229
385901
31817
20051
371999
127079
66883
580711
435973
296551
273569
308093
743273
413087
829177
172871
545911
11497
718871
38669
680039
438517
468319
270071
395537
335029
820361
262693
147487
676601
550909
870049
260263
964289
793043
582037
41981
810553
5011
207469
222601
278549
599273
163417
990889
131447
873767
363497
543661
911233
851251
719569
32003
142231
627721
304127
81047
860311
900287
119191
23059
17551
111211
842507
948797
500431
403849
546937
392467
503077
723361
856627
234869
402379
29501
84247
58579
465701
864811
763457
589681
603689
25121
943589
59351
216091
147139
480329
70991
134081
181201
441041
720619
827929
270217
654233
565013
436673
870097
849347
54709
162229
179819
317089
385877
523759
947747
556939
554891
292231
599513
515777
47779
259163
282461
293681
474847
491339
363379
631339
282001
113111
572041
132589
664633
525719
462629
164623
746117
406207
952423
69011
222323
136861
31079
637939
33479
384487
208217
846961
194809
746477
767773
215153
257489
689357
377257
723661
917557
579983
342203
567569
176503
81001
497449
338339
454709
687397
269953
229409
29131
517411
243437
209857
130099
980687
730789
743159
959173
971863
569417
187139
829193
225931
955183
500741
323507
252667
128621
927961
909047
475037
678959
42533
76991
324757
844999
550691
888533
157649
777857
994501
653647
381419
126733
9319
679463
433817
186763
739171
280487
41479
982559
325153
56807
670763
289063
380803
655643
249257
453053
400069
292267
354883
187163
252691
909047
729191
95393
650011
397541
61991
419893
336983
159193
609233
717811
385579
254857
550513
109537
67481
219911
740321
598187
815623
432893
396947
900719
43019
108643
206263
498409
578131
907393
692927
594637
232433
630229
522517
468509
905683
88117
708991
850261
213203
259801
735733
131611
19889
738401
257339
233917
394879
800993
798961
130337
736091
475903
827087
944387
20773
953861
363959
823457
74713
251117
189817
970219
92927
124633
864917
422911
421907
525709
261977
583469
107273
557551
228523
440501
266701
367033
552239
534403
846689
910229
885163
881029
262781
297263
559571
137143
415087
282493
57881
634181
572927
271573
553583
788399
138893
104231
818827
198899
536947
231041
151357
825527
777221
532421
490453
372037
212209
639151
231431
805799
849857
618929
246607
317663
125897
231799
346553
494497
471719
603173
170189
297503
962921
352831
930593
592577
621893
327917
943799
526189
878629
357563
760187
230819
36527
380207
715579
957769
470087
319183
109049
515969
631903
33199
96401
927229
30367
827311
72269
9203
303409
241327
382087
770863
784351
854353
785299
733973
867773
466909
531827
292363
905551
737717
1193
958843
384589
453317
821879
20287
129193
796291
57251
637933
984047
467317
910453
704027
886909
230137
667241
771527
13729
616991
700801
36923
721909
800417
819769
21599
430841
672167
958039
1571
672949
649559
546047
173053
6043
552833
321037
574393
55697
569431
739951
572683
65029
97441
894139
100343
377371
525773
720997
935393
739601
591847
624259
159161
844553
299711
442829
305471
923719
351803
323789
293467
29663
444121
513977
368107
241271
555523
248057
821101
862177
962509
703709
125029
441737
25453
18553
37747
280589
414793
355811
757661
314549
355031
49943
342833
203549
524731
44417
607337
128551
130447
345533
929029
353201
389761
334189
441193
597433
789587
614963
86341
51419
140057
310081
409081
38201
802733
925193
651853
45737
811519
810659
30491
610157
486869
741509
839911
754717
644767
575959
698729
468893
361279
530713
494959
7411
802073
823451
788429
33703
682411
779039
778553
738923
961339
315961
819701
215261
944803
541543
901471
644867
581947
476851
886969
438017
339121
148781
330271
809981
708517
8419
807259
608519
734429
416491
878869
272029
902987
844733
527129
501623
26293
137273
867641
346739
549319
525209
537133
270553
393919
862187
173431
392111
362233
79031
706603
469321
517381
242329
512767
766541
102451
238321
33413
118423
330793
535783
581443
283573
833689
84761
27011
2767
58391
325009
137999
98869
274679
181283
787883
697693
283639
990137
214213
701479
754939
487891
227387
642077
526483
179671
3001
418997
252209
330409
587387
317609
180799
911903
64661
331691
358157
817211
424939
699581
849857
445477
627841
757063
95191
974273
164893
591137
119039
419513
578311
622927
965047
981023
760847
78259
400217
469141
760993
35531
724807
476023
849461
694061
509071
201031
235723
28687
562351
847151
630733
343829
543427
122753
167861
518807
569599
298021
346309
219041
920123
540611
430267
227533
782921
358753
494563
766877
977723
694609
500891
151643
294029
434927
306503
73379
637519
485587
575863
97859
692413
395047
952429
866431
775669
544471
764111
140897
19759
124277
280409
970279
396311
593291
863869
16061
464257
289657
119689
728579
603569
599891
936007
219577
418667
983813
384737
391879
507113
480349
715151
152443
65479
156353
318001
474541
204437
62347
35227
467641
225493
281419
854599
717149
808681
908471
838991
327079
10889
565919
361747
723797
378739
875509
262049
308291
441053
750929
332803
147583
743129
9949
243119
145949
544883
130483
612349
830833
271021
191413
283687
97103
456901
180263
276047
543793
598447
208511
417559
704521
26669
552821
253867
726221
848851
517003
626701
154699
752771
170669
303817
475777
17053
108401
747679
623563
427433
674419
547361
96581
127849
1163
463861
629429
594523
951107
978449
388621
563881
522623
950507
718723
131779
540901
191747
405599
812717
505357
757793
65167
618199
823663
591937
467353
301867
425057
764189
672029
571069
780037
399979
347033
158047
237763
492853
372149
864953
120181
616219
550997
912053
186311
172709
935377
885097
51043
804581
336929
735491
815123
784543
40429
749809
491923
