750
294013
356305
991838
399774
534300
307122
507641
72991
154354
280327
785310
587285
805119
199774
510187
404729
145638
506286
257997
4308
327170
406407
59760
649635
174781
375093
895968
24573
971134
575239
750610
783646
450043
260946
701919
984343
568068
728059
575834
240922
8385
361143
828207
332004
560917
856893
736733
225054
363178
994731
229362
208847
919637
807623
858482
94417
182715
754450
118990
672349
848188
869600
974494
298231
130545
676413
801073
217113
404471
376906
458035
931357
256548
804741
263360
817465
661633
518592
42519
543310
513322
790381
270657
432958
116502
129138
527376
299218
402087
164865
490066
768775
34465
983059
585505
683510
659471
386577
900623
582442
281983
877157
32297
538531
681897
814157
874496
862029
332748
435514
923839
364570
744394
194495
797528
860897
842133
843403
678614
762720
8268
168679
531494
561233
151737
116998
244742
329708
22074
663865
430649
822557
541021
981446
361088
741418
795602
754083
603446
128349
189596
527284
492919
933990
240278
808947
313385
82411
170848
991999
363630
697616
679177
895124
258848
349414
530621
22090
197621
552695
204454
628270
893752
745475
128214
254839
486892
923816
8921
608838
570664
717017
654621
63583
169505
894900
391029
482891
495810
561877
474889
859440
777993
154066
754563
555340
21979
803683
577430
219600
874877
781884
366369
768628
45858
494583
541966
51249
418398
69386
660087
989062
786403
314708
571144
955909
728107
480672
438799
223916
42549
432187
83355
339041
104752
356417
894381
126731
678599
471811
346331
553475
772194
712700
322103
336551
725782
382568
387801
144179
451955
47887
651741
238357
881095
741384
712765
609201
222056
670063
351616
783105
102250
953471
122145
207002
828387
16525
852234
506985
6835
198564
578960
297529
429764
419562
634080
155545
802130
540380
818225
254084
588268
988465
10941
987862
248347
242205
597063
470403
912269
467178
772007
14518
420649
412651
740020
249035
947677
592253
274520
954512
309317
853480
770540
739081
273041
923120
413125
75170
463499
231349
847755
51766
738313
377195
558128
986661
619400
673690
975563
531668
140867
747570
64685
561516
160220
804706
329051
107896
915458
603571
580908
224774
975550
869947
482354
248590
793066
895480
842260
256565
645328
208513
826831
383641
585708
384958
888801
205108
58647
864363
736776
718015
130431
801462
279530
809152
124666
127080
917048
40123
249150
16454
783398
224699
886402
784251
991789
197966
679730
352548
454531
843558
79560
799862
227198
665269
703319
115998
870377
280466
498860
125651
998481
629292
445612
796510
438443
570278
923591
873990
128901
691240
408944
430798
434439
813845
215048
944727
11810
894779
815774
984842
256835
895335
784703
2532
560603
488021
637030
949479
768487
135889
75129
285466
765181
520742
81976
722123
91019
524066
596113
738420
215305
5056
169217
168243
818901
384266
112970
349210
797544
928744
334051
54378
824078
637253
56910
384680
643774
212439
852658
930760
348328
927788
216226
632009
448529
298202
354131
58047
822268
468743
314967
556072
992299
484184
724316
811199
386949
355785
678909
184492
284528
12959
757370
627106
168712
332779
530285
812486
545218
382943
743245
412046
310730
959471
44054
277758
776172
398185
854305
116938
385428
169271
673011
377726
171955
915826
707425
558904
271610
386333
261896
556138
917792
537765
701743
86503
389044
232028
898989
934262
614971
642234
864807
925701
120203
908861
721958
896376
825546
576262
13313
210973
264033
204823
107198
435988
120648
814623
994892
910758
200955
775287
985396
637247
313052
687138
723750
702096
919166
622739
154856
534136
783472
19663
978336
903675
447023
218792
318549
272568
795055
850363
2040
59087
55185
109239
495075
694334
442361
8465
605091
643317
783753
108985
280563
96804
796124
522812
317399
715289
664050
472255
767925
447521
491918
264759
869696
457441
483552
706744
730009
797106
557106
250549
856193
130791
878288
869767
825125
320648
396731
948715
482464
180483
57700
763027
795787
372323
804339
113185
606111
468388
585441
892535
434409
595858
157294
304104
53298
159345
10847
301807
956451
86453
552356
331142
217244
430643
200908
42368
269790
597639
509582
752255
296622
85781
33780
92408
976604
838119
205594
582715
306507
309534
475249
259415
423891
151042
563519
995690
310387
92865
297496
785337
179318
368351
116478
396562
317493
835886
957430
587283
952025
985512
339537
767146
71292
373318
859554
47896
211436
583647
149110
36442
411680
142858
295857
835572
293901
377875
831261
122787
989241
647256
426624
168558
15606
61601
83620
851599
897488
559549
438881
368011
545060
778419
135156
616353
670236
513209
182748
400171
615356
850358
436614
27035
993216
250970
381106
805616
147345
730866
446903
136585
378121
873527
823643
912227
935128
907263
763825
351114
985312
721206
237624
530371
499624
891280
665223
688359
404489
847971
88529
538344
698328
43642
565379
210043
294613
464985
15658
960458
195850
981061
97042
92471
854587
439184
523197
308214
864947
287022
177827
850258
8227
415452
380628
26350
825231
45851
714709
229719
412321
321737
286562
629149
365380
370441
839192
178492
835426
373349
138949
549775
354410
754491
160745
727496
193674
683943
554209
58620
489464
732037
427377
16190
