350
588602
890576
493980
226602
604380
716792
181771
381864
901612
357563
736771
123531
388315
401171
489551
581078
314432
262664
953446
11924
668521
661935
206661
421092
193080
260303
451252
969177
409123
675601
114467
516225
566177
126946
742827
689056
843738
443097
70919
745350
319160
807690
868881
225974
727360
876931
325551
41792
658094
278996
53716
326614
459430
260377
266206
171009
39179
717458
658686
966803
911558
773153
483027
996234
900099
744353
203788
743837
705949
793207
7685
25108
119396
395065
251082
846756
790495
95133
888548
448588
892629
460764
293702
352059
721141
78407
41567
760321
795865
218752
245622
707422
510404
728649
222155
410503
991501
425943
672839
215948
219150
199023
759557
338546
594088
529138
703801
384582
624271
592349
351669
516900
53112
163870
387458
292752
242277
429025
571572
38141
166277
817194
264063
676681
64341
4717
605683
55841
430660
797021
790290
168309
996044
549846
506855
108630
78983
210656
11711
703255
321504
363381
220154
374616
527251
607612
185867
288028
555136
757440
326169
721413
574633
108731
916594
638975
113448
522276
213315
62608
319297
3604
230917
315340
553450
256272
942471
632434
466928
954182
335688
306931
317562
74341
200046
363313
200452
385913
651341
755588
143352
496009
995501
717986
123240
912094
875460
236688
952869
88774
299296
272165
92379
530214
106005
164328
786486
48475
796762
771913
2656
650949
597343
838719
243789
797389
720531
444241
183301
890371
199829
845154
386379
713829
81638
509619
625922
957098
264807
578790
564371
564103
369455
656750
612816
993960
821079
917801
42434
136339
208212
563590
305788
805555
920808
549577
602943
641338
993819
304744
531708
712147
149897
918088
425975
750035
946206
51896
707132
211012
149185
271502
293615
518640
446752
424930
31098
786330
861231
73532
441168
587942
155622
746956
393497
76429
296533
514939
717768
808851
338182
767975
520997
6578
204561
946972
756613
150767
517367
982244
880279
666552
253746
692393
703692
218997
635823
734790
5326
497053
326822
446494
84994
482444
711950
996991
558873
526982
30429
795140
335832
368611
563115
375328
893690
767676
322299
650302
436942
839666
151045
317221
24716
404791
528113
246907
142287
163935
500197
147613
179487
827019
112606
782982
827962
343055
779972
905334
870037
328900
700474
724368
216011
782088
99695
109700
68262
940494
278501
505205
298658
429546
340925
841875
352836
387537
88781
495123
551473
588978
