500
139692
70952
269201
718528
995399
227115
930074
4487
826576
260961
237671
912797
15016
816807
628258
839585
950060
374352
590247
125405
147595
631272
309373
334493
630739
845156
454423
737614
878513
827029
224299
18204
416480
11999
736732
411878
239114
666805
416365
65689
446266
654036
496985
979782
989343
125243
819366
939402
499595
928112
583306
165689
559384
892679
500182
708622
737834
473105
446235
616346
818633
189033
634551
235112
201032
371282
646990
958646
556587
581855
24334
2852
754390
39819
982634
743732
165062
320498
201633
183156
248609
784939
867345
326492
677618
886026
553613
933951
359130
518348
550297
177762
707381
703347
412874
426913
593128
578364
385558
149714
160218
928393
671066
433107
968212
172198
176839
651773
11195
378472
353428
778305
681910
220772
623296
878027
106797
176909
811978
465928
213756
880774
162189
921137
584120
93563
866549
695747
190426
252107
845462
869144
180499
35026
302250
148710
725725
479089
800483
736920
376060
672410
33723
57970
893182
657020
454496
518478
352428
266473
502905
566184
665746
665095
5819
768365
277157
872369
464112
467583
124475
828073
336726
823474
381598
638976
972184
107322
636565
291165
362742
12624
963575
396465
589094
375255
571984
43590
893733
924412
828563
396638
490595
494309
580232
496415
781173
857389
887283
245284
843471
11757
73356
180196
353730
454955
337671
844413
80776
974236
135577
443518
986861
617651
358483
94453
511405
930467
656543
923637
854879
485106
838774
863973
497914
419005
878887
279086
794893
766169
42870
156862
296425
634726
337058
650155
89680
674730
494567
688957
167464
148643
132474
672824
284793
490957
767278
796198
939924
423820
719835
794802
427425
77107
177273
443838
496113
56160
241424
809505
822329
284294
966368
118754
919020
821925
768909
527200
15153
263476
216156
182618
412119
348630
855442
215412
358087
622719
11609
298010
565039
249943
611311
510963
327051
788584
954802
341663
363243
196225
151167
185572
999019
636034
822826
918038
976459
110233
445237
991612
892209
179892
174229
822828
47022
29671
38239
405109
170889
49848
221618
254427
818292
351428
765391
145342
658511
720192
487005
21754
434916
156671
207326
433934
311205
548651
870471
287663
658884
315708
279274
551093
14099
972004
373920
61121
520174
412159
466230
691063
980507
206347
463990
798798
557775
229380
462639
216286
468071
949644
238040
902987
624815
963866
855420
454519
31015
725890
742182
689899
560097
539955
759491
574197
511958
651910
635318
32131
582568
620048
241694
563075
826395
705684
880372
902670
935064
343011
637455
921634
811154
393994
343119
435968
876359
198538
408986
907374
924428
151167
115771
3024
209622
393762
577221
721580
45671
731038
272211
628240
351085
513905
709814
695980
738088
590185
598649
191650
933196
754603
113283
262849
148596
456402
217316
24954
654940
626303
450827
97866
777470
566598
100890
987092
960360
196610
227171
524531
927649
499382
671270
278733
531786
381083
493212
269873
489767
91860
461523
422963
364962
93305
204311
513558
549707
421627
57011
723146
47929
507838
339511
343899
592936
958902
849490
71794
155511
595160
596325
601659
94541
786094
880393
144826
167176
373604
933199
656944
983965
394721
598406
348926
6525
802717
380984
74731
742843
437995
797877
790773
464333
655888
653171
57268
614789
502660
647562
288799
616320
762387
890459
229360
548480
289350
374187
715657
181453
307385
891100
683917
220606
489505
32843
227131
810721
932327
820363
553563
888821
618239
