100
536959
243340
233769
666120
903728
77941
986019
144221
787617
314750
15770
295347
162470
622813
420787
3032
668871
637853
511545
361424
457457
514967
243835
402867
650158
787806
415615
437514
323768
230868
18905
379226
992708
771174
563845
896435
367614
549864
559155
673731
383113
93424
969078
64082
234737
908365
67115
903608
546217
97159
783531
3673
130625
27366
925040
299282
815172
340655
736796
657439
90022
274200
555164
82729
563873
119008
497663
931488
187371
575317
605218
570484
668741
92794
153066
903478
1158
738681
325584
547376
354339
109115
551049
484964
654981
476089
784246
470152
335243
39540
646090
425265
313740
201253
26493
877613
320261
42655
809100
507633
