200
786267
342272
703647
182220
782798
581613
392078
723435
973675
967299
92907
669949
246688
534442
596783
798372
737703
94780
425358
980719
802568
994385
868642
707730
110407
860736
306021
409888
690199
7429
519150
476465
349701
222796
177184
650998
804410
87761
892932
296583
573560
985840
485032
820248
38780
81814
618619
294983
695094
43976
794201
497662
556861
662842
723891
667268
523577
29911
595655
732275
555840
114804
208739
424040
337601
904424
75038
660510
992185
486469
475592
565744
472308
960624
904492
29588
560937
523110
324571
256031
85586
118771
272192
642447
300113
996083
828214
823690
544493
423868
74464
100333
538673
801703
42872
394773
706126
636410
573782
216810
122879
567873
301053
113686
528497
205544
143274
607933
247154
986345
382463
332740
623616
654655
975187
923729
169236
321899
265917
713730
745767
340381
332562
802939
142084
375434
197711
848210
11844
289992
583519
653223
857866
884573
766909
904862
90116
428683
512794
855770
415027
413757
188509
38642
68411
682195
962371
237648
4093
746788
469877
749861
87168
802439
552799
229252
177872
269010
595962
708216
559002
697980
361438
416867
582552
646847
321728
191168
75529
353022
46937
490556
766779
753947
47698
353689
436141
528568
109836
440235
275355
579713
190095
881024
382151
261393
628775
78523
530403
743236
305238
89405
441216
185176
24771
542267
832023
865000
733435
907552
